0.5201 5.7689e-3
0.5441 5.1011e-3
0.5714 4.6875e-3
0.5939 4.1768e-3
0.6196 3.8381e-3
0.6469 3.5269e-3
0.6711 3.266e-3
0.6936 3.0477e-3
0.7128 2.8005e-3
0.737 2.6335e-3
0.7595 2.4199e-3
0.7804 2.2409e-3
0.8029 2.0592e-3
0.8205 1.9068e-3
0.8333 1.7386e-3
0.8477 1.5732e-3
0.8636 1.4126e-3
0.8796 1.2587e-3
0.8972 1.1389e-3
0.9197 1.0466e-3
0.9455 1.0072e-3
0.9697 9.8426e-4
0.994 9.7679e-4
1.0165 9.3278e-4
1.0358 8.7042e-4
1.0519 8.1223e-4
1.0711 7.4063e-4
1.0856 6.9645e-4
1.1033 6.702e-4
1.126 6.859e-4
1.147 7.1285e-4
1.1649 7.5233e-4
1.1828 7.8793e-4
1.2071 8.2522e-4
1.2166 7.4096e-4
1.2262 6.7563e-4
1.2389 6.0666e-4
1.2596 4.9669e-4
1.2724 4.4598e-4
1.2851 4.0355e-4
1.2946 3.6235e-4
1.3058 3.3295e-4
1.3285 3.3814e-4
1.3528 3.4873e-4
1.3755 3.6244e-4
1.3982 3.7959e-4
1.4177 3.9755e-4
1.4372 4.2608e-4
1.46 4.5666e-4
1.4827 4.8569e-4
1.5023 5.2862e-4
1.8025 3.9194e-4
1.5234 5.5791e-4
1.5461 5.7983e-4
1.5752 5.8888e-4
1.6027 5.8893e-4
1.627 5.8897e-4
1.6561 5.8902e-4
1.6803 5.8907e-4
1.7046 5.8911e-4
1.7239 5.4552e-4
1.7448 5.0515e-4
1.7608 4.6776e-4
1.7768 4.3314e-4
1.7913 4.0418e-4
1.8218 3.9499e-4
1.8414 3.9807e-4
1.8639 4.0427e-4
1.8899 4.1057e-4
1.9125 4.1697e-4
1.9287 3.9512e-4
1.948 3.7155e-4
1.9689 3.4672e-4
1.9898 3.2604e-4
2.2709 2.7978e-4
2.0091 3.1135e-4
2.0301 2.9962e-4
2.0527 2.9506e-4
2.0769 2.9058e-4
2.1011 2.8616e-4
2.1238 2.8399e-4
2.148 2.8183e-4
2.1723 2.8185e-4
2.1981 2.8405e-4
2.224 2.7974e-4
2.2482 2.7976e-4
2.2919 2.7979e-4
2.3162 2.8198e-4
2.3404 2.82e-4
2.3663 2.7986e-4
2.3921 2.8204e-4
2.4148 2.8206e-4
2.4391 2.8208e-4
2.4633 2.8428e-4
2.4876 2.8431e-4
2.5119 2.8433e-4
2.5345 2.8654e-4
2.5554 2.8656e-4
2.5814 2.888e-4
2.6089 2.8882e-4
2.6332 2.8884e-4
2.6623 2.8887e-4
2.6898 2.8889e-4
2.7156 2.867e-4
2.7464 2.9118e-4
2.7706 2.9345e-4
2.7997 2.9347e-4
2.8256 2.9576e-4
2.8498 2.9352e-4
2.8725 2.9581e-4
2.8952 2.9356e-4
